
RESTART

# Plumed script to run CmuMD
# Written by Dr. Stephen Yeandel, modified by Pedro Juan Royo
# See https://doi.org/10.1063/1.4917200 for more details
# Units are PLUMED default i.e. nm,ps,kJ/mol,amu

#========================================================================================
# Define groups of atoms
# =======================================================================================

potassium: GROUP ATOMS=1,2,3,4,9,10,11,12,17,18,19,20,25,27,513,514,515,516,521,522,523,524,529,530,531,532,537,539,65,66,67,68,73,74,75,76,81,82,83,84,89,91,577,578,579,580,585,586,587,588,593,594,595,596,601,603,26,28,33,34,35,36,41,43,538,540,545,546,547,548,553,555,90,92,97,98,99,100,619,617,612,611,610,609,604,602,105,107,129,130,131,132,137,138,139,140,145,146,147,148,153,155,641,642,643,644,649,650,651,652,657,658,659,660,665,667,193,194,195,196,201,202,203,204,209,210,211,212,217,219,705,706,707,708,713,714,715,716,721,722,723,724,729,731,747,745,740,739,738,737,732,730,154,156,161,162,163,164,169,171,218,220,225,226,235,227,233,228,683,666,681,676,675,674,673,668,1025,1026,1027,1028,1033,1034,1035,1036,1041,1042,1043,1044,1049,1051,1537,1538,1539,1540,1545,1546,1547,1548,1553,1554,1555,1556,1561,1563,1089,1090,1091,1092,1097,1098,1099,1100,1105,1106,1107,1108,1113,1115,1601,1602,1603,1604,1609,1610,1611,1612,1617,1618,1619,1620,1625,1627,1050,1052,1057,1058,1059,1060,1065,1067,1562,1564,1569,1570,1571,1572,1577,1579,1114,1116,1121,1122,1123,1124,1643,1641,1636,1635,1634,1633,1628,1626,1129,1131,1153,1154,1155,1156,1161,1162,1163,1164,1169,1170,1171,1172,1177,1179,1665,1666,1667,1668,1673,1674,1675,1676,1681,1682,1683,1684,1689,1691,1217,1218,1219,1220,1225,1226,1227,1228,1233,1234,1235,1236,1241,1243,1729,1730,1731,1732,1737,1738,1739,1740,1745,1746,1747,1748,1753,1755,1771,1769,1764,1763,1762,1761,1756,1754,1178,1180,1185,1186,1187,1188,1193,1195,1242,1244,1249,1250,1259,1251,1257,1252,1707,1690,1705,1700,1699,1698,1697,1692,2049,2050,2051,2052,2057,2058,2059,2060,2065,2066,2067,2068,2073,2075,2561,2562,2563,2564,2569,2570,2571,2572,2577,2578,2579,2580,2585,2587,2113,2114,2115,2116,2121,2122,2123,2124,2129,2130,2131,2132,2137,2139,2625,2626,2627,2628,2633,2634,2635,2636,2641,2642,2643,2644,2649,2651,2074,2076,2081,2082,2083,2084,2089,2091,2586,2588,2593,2594,2595,2596,2601,2603,2138,2140,2145,2146,2147,2148,2667,2665,2660,2659,2658,2657,2652,2650,2153,2155,2177,2178,2179,2180,2185,2186,2187,2188,2193,2194,2195,2196,2201,2203,2689,2690,2691,2692,2697,2698,2699,2700,2705,2706,2707,2708,2713,2715,2241,2242,2243,2244,2249,2250,2251,2252,2257,2258,2259,2260,2265,2267,2753,2754,2755,2756,2761,2762,2763,2764,2769,2770,2771,2772,2777,2779,2795,2793,2788,2787,2786,2785,2780,2778,2202,2204,2209,2210,2211,2212,2217,2219,2266,2268,2273,2274,2283,2275,2281,2276,2731,2714,2729,2724,2723,2722,2721,2716,3073,3074,3075,3076,3081,3082,3083,3084,3089,3090,3091,3092,3097,3099,3585,3586,3587,3588,3593,3594,3595,3596,3601,3602,3603,3604,3609,3611,3137,3138,3139,3140,3145,3146,3147,3148,3153,3154,3155,3156,3161,3163,3649,3650,3651,3652,3657,3658,3659,3660,3665,3666,3667,3668,3673,3675,3098,3100,3105,3106,3107,3108,3113,3115,3610,3612,3617,3618,3619,3620,3625,3627,3162,3164,3169,3170,3171,3172,3691,3689,3684,3683,3682,3681,3676,3674,3177,3179,3201,3202,3203,3204,3209,3210,3211,3212,3217,3218,3219,3220,3225,3227,3713,3714,3715,3716,3721,3722,3723,3724,3729,3730,3731,3732,3737,3739,3265,3266,3267,3268,3273,3274,3275,3276,3281,3282,3283,3284,3289,3291,3777,3778,3779,3780,3785,3786,3787,3788,3793,3794,3795,3796,3801,3803,3819,3817,3812,3811,3810,3809,3804,3802,3226,3228,3233,3234,3235,3236,3241,3243,3290,3292,3297,3298,3307,3299,3305,3300,3755,3738,3753,3748,3747,3746,3745,3740,626,123,121,116,114,571,569,42,44,564,49,51,562,59,57,52,50,633,554,635,556,628,561,563,627,625,620,618,115,113,106,108,58,60,570,572,122,124,634,636,4171,4186,4132,4169,4188,4122,755,753,249,251,748,746,754,756,761,763,699,185,243,241,180,690,697,178,692,244,187,242,170,172,177,236,179,691,234,689,684,682,186,188,698,700,250,252,762,764,4146,4131,4196,4214,1659,1657,1652,1650,1147,1145,1066,1068,1140,1138,1073,1075,1595,1593,1588,1586,1083,1081,1578,1580,1076,1074,1585,1587,1651,1649,1644,1642,1139,1137,1130,1132,1082,1084,1594,1596,1146,1148,1658,1660,4160,4121,4187,4158,1779,1777,1202,1266,1772,1268,1770,1273,1275,1778,1780,1785,1787,1267,1265,1714,1721,1716,1723,1209,1211,1194,1204,1196,1201,1260,1203,1715,1258,1713,1708,1706,1210,1212,1722,1724,1274,1276,1786,1788,4179,4170,4117,2674,2171,2169,2164,2162,2619,2617,2090,2092,2612,2097,2099,2610,2107,2105,2100,2098,2676,2602,2604,2681,2683,2609,2611,2675,2673,2668,2666,2163,2161,2154,2156,2106,2108,2618,2620,2170,2172,2682,2684,4104,4118,4217,4145,4140,4210,2803,2801,2297,2796,2299,2794,2802,2804,2809,2811,2745,2291,2289,2235,2226,2747,2738,2740,2228,2233,2292,2290,2218,2220,2225,2284,2227,2739,2282,2737,2732,2730,2234,2236,2746,2748,2298,2300,2810,2812,4167,4155,4195,3707,3705,3700,3698,3195,3193,3114,3116,3188,3186,3121,3123,3643,3641,3636,3634,3131,3129,3626,3628,3124,3122,3633,3635,3699,3697,3692,3690,3187,3185,3178,3180,3130,3132,3642,3644,3194,3196,3706,3708,4142,4174,4198,3827,3825,3762,3820,3818,3259,3257,3252,3250,3314,3316,3321,3323,3315,3313,3826,3828,3833,3835,3769,3771,3242,3764,3244,3249,3308,3251,3763,3306,3761,3756,3754,3258,3260,3770,3772,3322,3324,3834,3836,7402,4202,7387,4123,4110,4130,7447,4162,7370,7396,7371,4105,4097,4209,4143,4166,4159,4219,7392,7345,4108,7351,4213,4178,4112,7380,7342,4177,4192,4175,4183,4126,7399,7415,7382,7374,7445,4180,7439,4134,4161,7454,7433,4168,4201,4220,7460,4136,7435,7366,7401,4153,4125,7438,7397,7365,7441,7372,4157,4149,7385,7357,10699,10642,10612,10674,7400,4109,7449,10614,10599,10689,7442,10605,4119,7388,7427,10667,10592,7409,7359,7403,10604,7350,10668,7408,10602,10587,7459,10673,7406,7410,7352,10655,10638,7361,10694,10595,10584,7378,7414,10598,7362,10622,10620,7389,7395,10675,10681,7457,10625,10577,13893,10588,10603,17148,13956,13952,13968,10639,10637,10611,13928,13877,13876,13881,13939,13918,13862,10635,13942,13854,13965,13830,10601,13860,13903,10651,7453,7348,10590,13934,13943,13907,13878,13841,13880,13967,13920,7428,10640,10616,13950,13866,13879,13883,13834,13938,13899,13873,13886,13835,10650,10693,10645,10641,10697,13824,10682,13827,10597,13859,13847,10646,7420,13890,13940,13911,13895,13900,13872,17198,10679,10654,13852,17216,13909,10648,10700,10659,13831,13932,13894,10680,10676,17173,10629,13953,13882,13898,13958,17177,17142,17265,17208,17203,17125,17253,17234,13850,13851,13891,13929,13864,13948,17141,17229,17223,17199,17190,17221,17211,17266,17165,17240,17180,17195,17269,17186,13969,17243,17164,17244,17175,17135,17267,13844,17188,13888,17237,17124,13846,13951,17251,13916,17214,17129,17215,17137,13837,17218,17181,17152,17209,13944,13921,20417,20430,20503,20532,20445,20465,20518,17239,20479,20561,20550,20482,20451,20533,20534,20491,17182,20481,20441,17151,20480,20508,17178,20489,17242,20428,20460,20565,20543,20497,20548,20464,17224,20529,20495,20424,20523,20490,20450,20446,17179,20499,17154,20435,20542,20507,20566,20569,17130,20530,20459,17168,17259,17146,20567,17250,20469,17172,17138,20498,20452,20429,20537,20431,20422,20552,17171,20519,20544,17264,20483,17169,20454,20486,17252,20515,20478,20510,20444,20466,20528,17233,20488,20434,20521,20511,20437,20509,20475,20463,257,258,259,260,265,266,267,268,273,274,275,276,281,283,769,770,771,772,777,778,779,780,785,786,787,788,793,795,321,322,323,324,329,330,331,332,337,338,339,340,345,347,833,834,835,836,841,842,843,844,849,850,851,852,857,859,282,284,289,290,291,292,297,299,794,796,801,802,803,804,809,811,346,348,353,354,355,356,875,873,868,867,866,865,860,858,361,363,385,386,387,388,393,394,395,396,401,402,403,404,409,411,897,898,899,900,905,906,907,908,913,914,915,916,921,923,449,450,451,452,457,458,459,460,465,466,467,468,473,475,961,962,963,964,969,970,971,972,977,978,979,980,985,987,1003,1001,996,995,994,993,988,986,410,412,417,418,419,420,425,427,474,476,481,482,491,483,489,484,939,922,937,932,931,930,929,924,1281,1282,1283,1284,1289,1290,1291,1292,1297,1298,1299,1300,1305,1307,1793,1794,1795,1796,1801,1802,1803,1804,1809,1810,1811,1812,1817,1819,1345,1346,1347,1348,1353,1354,1355,1356,1361,1362,1363,1364,1369,1371,1857,1858,1859,1860,1865,1866,1867,1868,1873,1874,1875,1876,1881,1883,1306,1308,1313,1314,1315,1316,1321,1323,1818,1820,1825,1826,1827,1828,1833,1835,1370,1372,1377,1378,1379,1380,1899,1897,1892,1891,1890,1889,1884,1882,1385,1387,1409,1410,1411,1412,1417,1418,1419,1420,1425,1426,1427,1428,1433,1435,1921,1922,1923,1924,1929,1930,1931,1932,1937,1938,1939,1940,1945,1947,1473,1474,1475,1476,1481,1482,1483,1484,1489,1490,1491,1492,1497,1499,1985,1986,1987,1988,1993,1994,1995,1996,2001,2002,2003,2004,2009,2011,2027,2025,2020,2019,2018,2017,2012,2010,1434,1436,1441,1442,1443,1444,1449,1451,1498,1500,1505,1506,1515,1507,1513,1508,1963,1946,1961,1956,1955,1954,1953,1948,2305,2306,2307,2308,2313,2314,2315,2316,2321,2322,2323,2324,2329,2331,2817,2818,2819,2820,2825,2826,2827,2828,2833,2834,2835,2836,2841,2843,2369,2370,2371,2372,2377,2378,2379,2380,2385,2386,2387,2388,2393,2395,2881,2882,2883,2884,2889,2890,2891,2892,2897,2898,2899,2900,2905,2907,2330,2332,2337,2338,2339,2340,2345,2347,2842,2844,2849,2850,2851,2852,2857,2859,2394,2396,2401,2402,2403,2404,2923,2921,2916,2915,2914,2913,2908,2906,2409,2411,2433,2434,2435,2436,2441,2442,2443,2444,2449,2450,2451,2452,2457,2459,2945,2946,2947,2948,2953,2954,2955,2956,2961,2962,2963,2964,2969,2971,2497,2498,2499,2500,2505,2506,2507,2508,2513,2514,2515,2516,2521,2523,3009,3010,3011,3012,3017,3018,3019,3020,3025,3026,3027,3028,3033,3035,3051,3049,3044,3043,3042,3041,3036,3034,2458,2460,2465,2466,2467,2468,2473,2475,2522,2524,2529,2530,2539,2531,2537,2532,2987,2970,2985,2980,2979,2978,2977,2972,3329,3330,3331,3332,3337,3338,3339,3340,3345,3346,3347,3348,3353,3355,3841,3842,3843,3844,3849,3850,3851,3852,3857,3858,3859,3860,3865,3867,3393,3394,3395,3396,3401,3402,3403,3404,3409,3410,3411,3412,3417,3419,3905,3906,3907,3908,3913,3914,3915,3916,3921,3922,3923,3924,3929,3931,3354,3356,3361,3362,3363,3364,3369,3371,3866,3868,3873,3874,3875,3876,3881,3883,3418,3420,3425,3426,3427,3428,3947,3945,3940,3939,3938,3937,3932,3930,3433,3435,3457,3458,3459,3460,3465,3466,3467,3468,3473,3474,3475,3476,3481,3483,3969,3970,3971,3972,3977,3978,3979,3980,3985,3986,3987,3988,3993,3995,3521,3522,3523,3524,3529,3530,3531,3532,3537,3538,3539,3540,3545,3547,4033,4034,4035,4036,4041,4042,4043,4044,4049,4050,4051,4052,4057,4059,4075,4073,4068,4067,4066,4065,4060,4058,3482,3484,3489,3490,3491,3492,3497,3499,3546,3548,3553,3554,3563,3555,3561,3556,4011,3994,4009,4004,4003,4002,4001,3996,882,379,377,372,370,827,825,298,300,820,305,307,818,315,313,308,306,810,884,812,889,891,817,819,883,881,876,874,371,369,362,364,314,316,826,828,378,380,890,892,4135,4185,4176,4103,4200,4147,4154,1011,1009,507,1004,1002,1010,1012,1017,1019,946,948,499,497,955,505,953,500,443,436,498,441,434,426,428,433,492,435,947,490,945,940,938,442,444,954,956,506,508,1018,1020,4207,4139,4172,4152,1915,1913,1908,1906,1403,1401,1322,1324,1396,1394,1329,1331,1851,1849,1844,1842,1339,1337,1834,1836,1332,1330,1841,1843,1907,1905,1900,1898,1395,1393,1386,1388,1338,1340,1850,1852,1402,1404,1914,1916,4203,4181,4106,2035,2033,1972,2028,1970,2026,1467,1465,1460,1458,1522,1524,1529,1523,1521,1531,2034,2036,2041,2043,1977,1450,1979,1452,1457,1516,1459,1971,1514,1969,1964,1962,1466,1468,1978,1980,1530,1532,2042,2044,4194,4102,4150,2930,2427,2425,2420,2418,2875,2873,2346,2348,2868,2353,2355,2866,2363,2361,2356,2354,2939,2932,2858,2937,2860,2865,2867,2931,2929,2924,2922,2419,2417,2410,2412,2362,2364,2874,2876,2426,2428,2938,2940,4191,3059,3057,3052,3058,3050,3060,3065,3067,2484,2553,2996,2482,2489,2547,2545,2994,2548,2491,2546,3001,3003,2555,2474,2476,2481,2540,2483,2995,2538,2993,2988,2986,2490,2492,3002,3004,2554,2556,3066,3068,3956,3954,3451,3449,3444,3442,3370,3372,3899,3897,3377,3379,3892,3890,3387,3385,3380,3378,3961,3882,3884,3963,3889,3891,3955,3953,3948,3946,3443,3441,3434,3436,3386,3388,3898,3900,3450,3452,3962,3964,4204,4197,4215,4083,4081,3570,3572,4076,4074,3577,3579,4082,4084,4089,4091,3571,3569,4020,3513,3515,3508,4025,4018,3506,4027,3498,3500,3505,3564,3507,4019,3562,4017,4012,4010,3514,3516,4026,4028,3578,3580,4090,4092,4182,4189,4129,4113,7349,7458,4173,4137,4111,7421,7391,4151,7343,4218,7443,7455,7337,4156,4128,7368,7393,7423,7413,4127,7429,4133,7418,7353,4212,4190,7452,4216,7436,7384,4114,4115,4144,4211,4120,7386,7347,7407,7381,4163,7360,7451,7444,4208,4164,7448,7437,7376,4124,7419,4138,4141,4148,7398,4165,7356,7355,4184,4193,7377,7394,4107,7440,7422,4205,7450,7434,7446,10666,7404,4206,7426,7367,4199,10628,7425,7416,10631,10698,10643,10649,7456,7417,10670,10582,7411,10665,10626,10624,10647,7375,10600,7390,7412,7373,7432,7379,7346,7430,7364,10619,7363,7354,7383,4116,7344,10678,7405,10607,10696,10596,7358,10677,7424,7369,10617,10634,7431,10633,10653,10593,10687,10664,10589,13863,13843,17147,13902,10656,10585,10661,10685,13925,13825,13915,17131,10608,13840,10657,10591,17160,13955,13901,13917,13933,10615,13875,13823,10627,13961,10683,10594,10623,10606,10636,13923,13924,13926,13853,13858,13910,13936,13845,13954,10586,13889,10644,10691,10613,10618,10621,10663,10610,10672,13822,13832,10652,13828,10583,13887,10671,13867,13826,13885,13960,13912,13836,10690,10695,10688,10662,13817,13833,10609,13959,10684,10630,10660,13937,13970,13919,13913,13871,13930,13946,13842,10632,13914,13945,10686,13964,13838,10669,13865,13905,10692,10658,13848,13957,13829,13849,13874,13884,17219,17225,17174,13892,17166,17254,17189,17184,17202,17197,20443,17232,17207,13870,17145,13897,17236,17220,17123,17192,17261,17153,17247,17196,17231,13941,17238,17228,17268,13896,13861,17161,13949,13947,17158,13908,13931,17200,17241,17185,17260,17217,17159,13935,17204,17226,13904,17230,17132,17194,17257,13966,13906,13839,17149,17270,13963,13869,17213,17263,17183,13857,13922,17163,17258,17167,17143,17117,17222,17140,17248,17126,17133,13962,17255,17205,13927,17245,17246,17227,17136,13856,13855,20433,17162,17176,20474,17134,20476,20522,17210,20555,20471,20538,20516,17262,17122,17139,20484,20505,20556,17128,20562,17256,17187,20551,17193,20554,20520,17201,20539,20536,17150,17144,20560,20541,20439,20485,20470,17191,20547,17170,17249,20549,20502,20461,20425,17235,20432,20427,20487,20492,20535,20453,20546,20442,17127,20426,20458,20468,20568,13868,20438,20472,20462,20467,20504,20570,17206,20447,20557,17156,17212,20526,20456,20436,20540,20457,20545,20512,20527,20514,17155,20564,17157,20440,20448,20455,20506,20494,20493,20524,20423,20501,20496,20525,20513,20531,20563,20500,20559,20517,20477,20553,20558,20449,20473

chloride: GROUP ATOMS=5,6,7,8,13,14,15,16,21,22,23,24,29,31,517,518,519,520,525,526,527,528,533,534,535,536,541,543,69,70,71,72,77,78,79,80,85,86,87,88,93,95,581,582,583,584,589,590,591,592,597,598,599,600,605,607,30,32,37,38,39,40,45,47,542,544,549,550,551,552,557,559,94,96,623,621,101,616,615,614,613,608,606,102,103,104,111,109,133,134,135,136,141,142,143,144,149,150,151,152,157,159,645,646,647,648,653,654,655,656,661,662,663,664,669,671,197,198,199,200,205,206,207,208,213,214,215,216,221,223,709,710,711,712,717,718,719,720,725,726,727,728,733,735,751,749,744,743,742,741,736,734,239,237,158,160,165,166,167,168,173,222,224,175,232,231,687,230,685,229,680,679,678,677,672,670,1029,1030,1031,1032,1037,1038,1039,1040,1045,1046,1047,1048,1053,1055,1541,1542,1543,1544,1549,1550,1551,1552,1557,1558,1559,1560,1565,1567,1093,1094,1095,1096,1101,1102,1103,1104,1109,1110,1111,1112,1117,1119,1605,1606,1607,1608,1613,1614,1615,1616,1621,1622,1623,1624,1629,1631,1054,1056,1061,1062,1063,1064,1069,1071,1566,1568,1573,1574,1575,1576,1581,1583,1118,1120,1647,1645,1125,1640,1639,1638,1637,1632,1630,1126,1127,1128,1135,1133,1157,1158,1159,1160,1165,1166,1167,1168,1173,1174,1175,1176,1181,1183,1669,1670,1671,1672,1677,1678,1679,1680,1685,1686,1687,1688,1693,1695,1221,1222,1223,1224,1229,1230,1231,1232,1237,1238,1239,1240,1245,1247,1733,1734,1735,1736,1741,1742,1743,1744,1749,1750,1751,1752,1757,1759,1775,1773,1768,1767,1766,1765,1760,1758,1263,1261,1182,1184,1189,1190,1191,1192,1197,1246,1248,1199,1256,1255,1711,1254,1709,1253,1704,1703,1702,1701,1696,1694,2053,2054,2055,2056,2061,2062,2063,2064,2069,2070,2071,2072,2077,2079,2565,2566,2567,2568,2573,2574,2575,2576,2581,2582,2583,2584,2589,2591,2117,2118,2119,2120,2125,2126,2127,2128,2133,2134,2135,2136,2141,2143,2629,2630,2631,2632,2637,2638,2639,2640,2645,2646,2647,2648,2653,2655,2078,2080,2085,2086,2087,2088,2093,2095,2590,2592,2597,2598,2599,2600,2605,2607,2142,2144,2671,2669,2149,2664,2663,2662,2661,2656,2654,2150,2151,2152,2159,2157,2181,2182,2183,2184,2189,2190,2191,2192,2197,2198,2199,2200,2205,2207,2693,2694,2695,2696,2701,2702,2703,2704,2709,2710,2711,2712,2717,2719,2245,2246,2247,2248,2253,2254,2255,2256,2261,2262,2263,2264,2269,2271,2757,2758,2759,2760,2765,2766,2767,2768,2773,2774,2775,2776,2781,2783,2799,2797,2792,2791,2790,2789,2784,2782,2287,2285,2206,2208,2213,2214,2215,2216,2221,2270,2272,2223,2280,2279,2735,2278,2733,2277,2728,2727,2726,2725,2720,2718,3077,3078,3079,3080,3085,3086,3087,3088,3093,3094,3095,3096,3101,3103,3589,3590,3591,3592,3597,3598,3599,3600,3605,3606,3607,3608,3613,3615,3141,3142,3143,3144,3149,3150,3151,3152,3157,3158,3159,3160,3165,3167,3653,3654,3655,3656,3661,3662,3663,3664,3669,3670,3671,3672,3677,3679,3102,3104,3109,3110,3111,3112,3117,3119,3614,3616,3621,3622,3623,3624,3629,3631,3166,3168,3695,3693,3173,3688,3687,3686,3685,3680,3678,3174,3175,3176,3183,3181,3205,3206,3207,3208,3213,3214,3215,3216,3221,3222,3223,3224,3229,3231,3717,3718,3719,3720,3725,3726,3727,3728,3733,3734,3735,3736,3741,3743,3269,3270,3271,3272,3277,3278,3279,3280,3285,3286,3287,3288,3293,3295,3781,3782,3783,3784,3789,3790,3791,3792,3797,3798,3799,3800,3805,3807,3823,3821,3816,3815,3814,3813,3808,3806,3311,3309,3230,3232,3237,3238,3239,3240,3245,3294,3296,3247,3304,3303,3759,3302,3757,3301,3752,3751,3750,3749,3744,3742,127,125,120,118,575,573,568,566,46,48,53,55,63,61,56,54,639,637,630,632,558,560,565,567,631,629,624,622,119,117,112,110,62,64,574,576,126,128,638,640,4235,4271,759,757,752,750,253,255,758,760,765,767,246,248,247,245,240,238,703,189,191,701,184,696,182,694,695,174,693,176,181,183,688,686,190,192,702,704,254,256,766,768,4291,4307,4225,4300,4250,4317,1663,1661,1656,1654,1151,1149,1144,1142,1070,1072,1077,1079,1599,1597,1592,1590,1087,1085,1080,1078,1582,1584,1589,1591,1655,1653,1648,1646,1143,1141,1136,1134,1086,1088,1598,1600,1150,1152,1662,1664,4275,4301,4314,1783,1781,1776,1774,1270,1272,1277,1279,1782,1784,1789,1271,1269,1264,1791,1262,1206,1720,1215,1718,1213,1725,1208,1727,1719,1198,1717,1200,1205,1207,1712,1710,1214,1216,1726,1728,1278,1280,1790,1792,4230,4222,2175,2173,2168,2166,2623,2621,2616,2614,2094,2096,2101,2103,2111,2109,2104,2102,2678,2680,2687,2685,2606,2608,2613,2615,2679,2677,2672,2670,2167,2165,2160,2158,2110,2112,2622,2624,2174,2176,2686,2688,4260,4327,4258,2807,2805,2800,2296,2798,2301,2303,2806,2808,2813,2815,2232,2744,2295,2293,2288,2286,2742,2237,2749,2751,2239,2294,2230,2743,2222,2741,2224,2229,2231,2736,2734,2238,2240,2750,2752,2302,2304,2814,2816,4227,4256,4333,3711,3709,3704,3702,3199,3197,3192,3190,3118,3120,3125,3127,3647,3645,3640,3638,3135,3133,3128,3126,3630,3632,3637,3639,3703,3701,3696,3694,3191,3189,3184,3182,3134,3136,3646,3648,3198,3200,3710,3712,4234,4288,4263,3831,3829,3824,3822,3263,3261,3256,3254,3318,3320,3325,3319,3317,3312,3327,3310,3830,3832,3837,3839,3766,3773,3775,3768,3767,3246,3765,3248,3253,3255,3760,3758,4244,3262,3264,3774,3776,3326,3328,3838,3840,4320,4325,4334,4238,4332,4323,4305,7512,7507,4319,7482,4326,4338,4322,7547,4306,7577,7562,7565,4274,7465,4287,4336,4280,4298,4237,7504,4247,4224,4311,7521,7546,7470,4098,7557,7559,7544,4269,4277,4265,10716,4262,4297,7500,7467,4299,4331,4242,7505,7573,4259,4294,7489,4251,7476,7564,7483,7494,7492,4284,4236,7524,4254,4249,7490,7528,10780,10730,7550,10743,10714,7555,10722,10764,7487,7570,10787,10765,7463,7574,10760,7515,4264,7475,7478,7520,7578,7461,10578,7545,7514,7531,10778,10811,10815,7508,10783,10740,10745,7538,10704,7539,7537,10727,10721,7464,7530,10777,10729,10813,10723,7556,7575,7566,10806,7567,7499,10807,10805,10724,10748,14103,14030,14051,14104,14054,14058,14041,10786,10797,10799,14118,14076,14062,14089,14088,13984,14096,10737,14106,7571,10754,10814,10755,10794,14053,17324,17306,13818,14024,14049,13991,13977,10710,10809,7477,14020,14046,13973,13979,14003,10781,14025,14085,10816,10707,10791,17286,17409,10720,10736,10739,14006,14077,14112,10715,14009,14014,14082,13981,14008,14098,14099,14052,14034,13989,17313,10757,14013,10779,10804,17301,13975,14113,14074,14055,14070,7469,10817,10768,10734,14066,17351,14048,10731,17339,14064,17398,17349,17410,17391,20716,17325,14047,17362,14081,17278,17346,17403,17402,14010,13992,17292,17378,14075,14069,13994,17354,17303,13993,14086,17411,17308,14102,17399,17314,17287,17332,17317,13988,17281,13995,17295,17385,14079,17276,17310,17329,17413,17330,17360,17363,17368,14031,14011,17364,17366,17296,17417,17300,14032,17348,20418,20626,20704,20706,20584,20689,20622,20664,20654,17375,20715,20709,20573,20630,20677,20600,20603,20633,20678,20665,20668,20612,20649,20708,20710,20617,20711,20691,17345,20607,20624,17400,17404,20702,17273,20606,20700,20653,17279,17353,20685,20675,17377,20610,20579,17406,17118,17370,14078,17336,20698,20699,17344,20644,17327,20614,17382,17347,20683,17283,20594,20595,17311,20574,20575,20660,20578,17322,20648,20651,17298,20674,20681,17280,20676,20609,20690,20592,20647,20688,20591,20581,20712,20662,20587,20670,20634,20599,20629,20631,20703,20666,261,262,263,264,269,270,271,272,277,278,279,280,285,287,773,774,775,776,781,782,783,784,789,790,791,792,797,799,325,326,327,328,333,334,335,336,341,342,343,344,349,351,837,838,839,840,845,846,847,848,853,854,855,856,861,863,286,288,293,294,295,296,301,303,798,800,805,806,807,808,813,815,350,352,879,877,357,872,871,870,869,864,862,358,359,360,367,365,389,390,391,392,397,398,399,400,405,406,407,408,413,415,901,902,903,904,909,910,911,912,917,918,919,920,925,927,453,454,455,456,461,462,463,464,469,470,471,472,477,479,965,966,967,968,973,974,975,976,981,982,983,984,989,991,1007,1005,1000,999,998,997,992,990,495,493,414,416,421,422,423,424,429,478,480,431,488,487,943,486,941,485,936,935,934,933,928,926,1285,1286,1287,1288,1293,1294,1295,1296,1301,1302,1303,1304,1309,1311,1797,1798,1799,1800,1805,1806,1807,1808,1813,1814,1815,1816,1821,1823,1349,1350,1351,1352,1357,1358,1359,1360,1365,1366,1367,1368,1373,1375,1861,1862,1863,1864,1869,1870,1871,1872,1877,1878,1879,1880,1885,1887,1310,1312,1317,1318,1319,1320,1325,1327,1822,1824,1829,1830,1831,1832,1837,1839,1374,1376,1903,1901,1381,1896,1895,1894,1893,1888,1886,1382,1383,1384,1391,1389,1413,1414,1415,1416,1421,1422,1423,1424,1429,1430,1431,1432,1437,1439,1925,1926,1927,1928,1933,1934,1935,1936,1941,1942,1943,1944,1949,1951,1477,1478,1479,1480,1485,1486,1487,1488,1493,1494,1495,1496,1501,1503,1989,1990,1991,1992,1997,1998,1999,2000,2005,2006,2007,2008,2013,2015,2031,2029,2024,2023,2022,2021,2016,2014,1519,1517,1438,1440,1445,1446,1447,1448,1453,1502,1504,1455,1512,1511,1967,1510,1965,1509,1960,1959,1958,1957,1952,1950,2309,2310,2311,2312,2317,2318,2319,2320,2325,2326,2327,2328,2333,2335,2821,2822,2823,2824,2829,2830,2831,2832,2837,2838,2839,2840,2845,2847,2373,2374,2375,2376,2381,2382,2383,2384,2389,2390,2391,2392,2397,2399,2885,2886,2887,2888,2893,2894,2895,2896,2901,2902,2903,2904,2909,2911,2334,2336,2341,2342,2343,2344,2349,2351,2846,2848,2853,2854,2855,2856,2861,2863,2398,2400,2927,2925,2405,2920,2919,2918,2917,2912,2910,2406,2407,2408,2415,2413,2437,2438,2439,2440,2445,2446,2447,2448,2453,2454,2455,2456,2461,2463,2949,2950,2951,2952,2957,2958,2959,2960,2965,2966,2967,2968,2973,2975,2501,2502,2503,2504,2509,2510,2511,2512,2517,2518,2519,2520,2525,2527,3013,3014,3015,3016,3021,3022,3023,3024,3029,3030,3031,3032,3037,3039,3055,3053,3048,3047,3046,3045,3040,3038,2543,2541,2462,2464,2469,2470,2471,2472,2477,2526,2528,2479,2536,2535,2991,2534,2989,2533,2984,2983,2982,2981,2976,2974,3333,3334,3335,3336,3341,3342,3343,3344,3349,3350,3351,3352,3357,3359,3845,3846,3847,3848,3853,3854,3855,3856,3861,3862,3863,3864,3869,3871,3397,3398,3399,3400,3405,3406,3407,3408,3413,3414,3415,3416,3421,3423,3909,3910,3911,3912,3917,3918,3919,3920,3925,3926,3927,3928,3933,3935,3358,3360,3365,3366,3367,3368,3373,3375,3870,3872,3877,3878,3879,3880,3885,3887,3422,3424,3951,3949,3429,3944,3943,3942,3941,3936,3934,3430,3431,3432,3439,3437,3461,3462,3463,3464,3469,3470,3471,3472,3477,3478,3479,3480,3485,3487,3973,3974,3975,3976,3981,3982,3983,3984,3989,3990,3991,3992,3997,3999,3525,3526,3527,3528,3533,3534,3535,3536,3541,3542,3543,3544,3549,3551,4037,4038,4039,4040,4045,4046,4047,4048,4053,4054,4055,4056,4061,4063,4079,4077,4072,4071,4070,4069,4064,4062,3567,3565,3486,3488,3493,3494,3495,3496,3501,3550,3552,3503,3560,3559,4015,3558,4013,3557,4008,4007,4006,4005,4000,3998,383,381,376,374,831,829,824,822,302,304,309,311,319,317,312,310,886,893,888,895,814,816,821,823,887,885,880,878,375,373,368,366,318,320,830,832,382,384,894,896,4252,4231,4302,4226,4318,4308,4290,1015,1013,1008,1006,509,511,1014,1016,1021,1023,502,950,952,503,501,496,494,957,445,440,438,959,504,447,951,430,949,432,437,439,944,942,446,448,958,960,510,512,1022,1024,4321,4324,4228,4295,1919,1917,1912,1910,1407,1405,1400,1398,1326,1328,1333,1335,1855,1853,1848,1846,1343,1341,1336,1334,1838,1840,1845,1847,1911,1909,1904,1902,1399,1397,1392,1390,1342,1344,1854,1856,1406,1408,1918,1920,4286,4233,4303,2039,2037,2032,1974,2030,1471,1469,1464,1462,1526,1528,1527,1525,1520,1518,1533,1535,2038,2040,2045,2047,1976,1983,1981,1975,1454,1973,1456,1461,1463,1968,1966,1470,1472,1982,1984,1534,1536,2046,2048,4339,4273,7513,2431,2429,2424,2422,2879,2877,2872,2870,2350,2352,2357,2359,2367,2365,2360,2358,2943,2934,2941,2862,2936,2864,2869,2871,2935,2933,2928,2926,2423,2421,2416,2414,2366,2368,2878,2880,2430,2432,2942,2944,4240,3063,3061,3056,2557,3054,2559,3062,3064,3069,3071,2998,2551,2549,2544,2542,2493,3000,2552,2550,2495,3005,2486,2488,3007,2999,2478,2997,2480,2485,2487,2992,2990,2494,2496,3006,3008,2558,2560,3070,3072,4241,7579,3960,3958,3455,3453,3448,3446,3903,3901,3374,3376,3381,3383,3896,3894,3391,3389,3384,3382,3967,3965,3886,3888,3893,3895,3959,3957,3952,3950,3447,3445,3440,3438,3390,3392,3902,3904,3454,3456,3966,3968,4278,4087,4085,4080,4078,3574,3576,3581,3583,4086,4088,4093,4095,3575,3573,3568,3566,4022,3512,3519,4024,3510,3517,4029,4031,4023,3502,4021,3504,3509,3511,4016,4014,3518,3520,4030,4032,3582,3584,4094,4096,4313,4328,4267,4316,7540,7542,4246,7558,4232,4266,7484,4248,4329,7471,4304,7518,4261,4283,7572,7522,7529,4268,7501,4315,4239,7563,7468,4282,4257,7479,7503,7510,7526,7488,4281,7496,7509,7543,4279,4312,7561,7551,7519,4292,7576,4223,4221,4310,7549,4285,7568,4309,7473,7541,4253,7462,7569,7534,4276,4270,4335,4296,7481,4293,7466,7493,7560,7480,4289,4330,4272,4243,7516,4229,7553,4337,7517,7495,7491,7535,7533,7338,7511,7523,10732,10726,10772,7506,10728,10701,4255,10767,10753,7486,10763,7525,7548,10759,7536,10793,7552,7497,7527,4245,7485,7502,10819,10742,10774,10810,10750,10709,10784,10802,7532,7498,7554,10758,7472,10788,10712,10751,7474,10747,10741,10719,10775,10795,10717,10752,10706,14068,14093,14101,14037,14115,14039,10782,10746,10708,13998,13996,10718,14056,17326,10762,10803,10790,14000,14105,13985,17365,10792,10744,14100,14033,10801,10749,10711,10702,10761,10703,10798,14028,14119,14029,14061,13972,14094,14108,17358,13982,14059,10789,14114,10776,10738,14110,10725,10766,10733,10756,10785,14012,14091,14065,10713,14043,10800,14107,14005,14036,14067,13983,14021,13971,17343,14001,10796,10808,10770,14111,13986,14038,14027,14084,13978,14080,14023,10771,10773,10812,14083,14117,13976,14044,10735,14060,14063,14002,14073,10769,10705,10818,14022,14026,14015,13990,14116,17394,17356,17369,17374,17337,17357,17376,17405,14087,17359,14042,14090,17272,17290,13974,17414,17390,17389,17342,17293,17291,17418,14057,17387,14095,17320,14071,17318,17361,17379,14072,17408,14017,17419,17271,17372,17307,17386,14045,14109,17381,17371,17277,14019,17384,13999,14018,14035,14050,13997,17352,17340,14007,17350,17288,13987,17367,17335,17383,17305,17415,17380,17355,17323,14004,17284,14092,17275,17304,14016,13980,17302,17315,17392,17395,14040,17334,17416,17321,17274,14097,17331,17373,20598,17338,20602,20582,20646,17333,20623,20673,20585,20641,17341,20615,17388,20705,20613,20692,20714,20658,20604,20656,17282,20616,20672,17412,17316,17297,20637,20679,17312,20642,20687,20645,20572,20695,20571,20657,20625,20593,17396,20638,17294,20671,20639,17309,20618,20619,17319,17328,20719,17299,20597,20635,20707,20586,20640,20696,20628,20611,17407,20588,20680,20655,20701,20684,17393,20621,20667,20713,20580,17401,20589,20682,17289,20627,20697,20686,20601,20636,20652,20663,17285,17397,20596,20650,20669,20590,20620,20661,20659,20693,20583,20694,20577,20605,20718,20643,20632,20576,20717,20608

water: GROUP ATOMS=5888,10061,9764,4688,6422,10562,5084,5762,8765,6590,5057,8501,5273,5012,5996,5318,5228,4874,4517,5906,6056,5891,4613,6866,4457,4625,4646,9389,5078,6977,5312,6812,5123,7235,6644,8621,5792,4571,7046,5309,7286,4637,5036,6659,6104,8525,5237,5141,6539,5285,8201,5453,6152,4409,4445,4844,4766,8882,6311,4589,4724,6086,7187,7331,5600,6221,6338,4472,7079,4484,8822,4469,6206,10295,4538,5855,6314,6506,6359,5075,6413,5183,5534,5369,4841,6266,5579,6398,4496,5822,5783,11363,4553,7919,6944,5483,6503,5726,5876,6638,5558,7094,9452,6707,10118,10163,6986,5759,8150,6476,6449,7313,5405,5186,6362,4802,6584,7100,4430,5609,5519,5294,5447,8531,6890,5576,6512,5336,6080,5408,5981,7019,9368,5618,6767,7955,5645,6809,6068,6629,9851,8012,8477,5660,7646,9386,4355,6014,9449,9920,5441,4829,5786,5132,6821,8669,5621,5657,5195,9629,8435,5174,6929,12653,8324,4535,7319,7073,6938,4913,7325,10148,6911,6308,7088,7268,4099,8747,6380,4928,7136,7004,9686,4961,5507,6845,6281,4994,10343,7289,4673,5789,7082,5813,5930,5933,5969,4361,7322,5144,6563,7127,6680,6200,5201,6692,8270,10292,4499,6647,9251,5300,5249,5267,9203,9911,6119,4892,9620,9161,4502,8660,11120,8807,7112,5912,7142,6611,4838,4736,9836,7064,9065,4487,4985,6704,6548,7301,4982,5672,4859,10049,6533,6005,4463,6140,7154,4415,6770,7865,9968,5774,7244,8630,5720,6347,6926,4694,6389,6254,5810,5003,7085,4934,4721,9998,7829,4697,7037,6230,5852,4685,5345,10244,5681,4508,6473,8507,4880,9521,9983,10268,8543,12185,10313,11309,5135,4391,10886,6569,9455,4778,12761,5552,8129,13694,4787,4979,7958,13619,9206,5240,9866,10256,10229,8843,6872,6698,8966,5966,7121,8852,4931,5444,8945,7232,9170,5414,6434,4826,12794,4367,4955,9227,4805,6521,10358,13343,7145,7607,10850,10310,5924,9587,12479,11795,8465,6833,5597,9548,11510,9233,11594,10040,10010,8699,10253,5027,6209,10175,6608,5063,4745,7118,9953,7685,6098,4715,6392,5324,10448,10442,5354,6743,6800,7328,8372,7184,7310,5936,5282,10169,7715,6197,6869,8363,8801,5978,9830,8921,9962,5189,12518,6416,7997,10949,6734,8738,12257,6797,9578,8597,11501,7598,11879,5846,8888,6662,12899,10187,8105,7109,9158,8732,9680,5714,4988,10076,7163,10007,7835,9020,6542,10328,5054,7784,5477,8471,7217,5342,9050,4823,8504,5819,6635,8432,6527,5357,5705,4400,7580,5099,4460,5381,13769,10571,5192,13568,8369,9164,6641,10499,6941,6287,7316,4808,13286,9467,6920,9809,9590,8678,9569,7700,6545,9146,7262,8540,6806,10133,9854,7778,9428,8819,11201,8429,13034,6374,5897,8303,6719,8522,7010,5138,4976,7298,7928,10319,9296,6161,4739,5231,5795,7067,6587,7172,8255,6536,7091,9284,5747,8207,8120,10463,8762,8891,6128,8948,13436,4769,6854,6248,12500,7043,5585,6782,9299,10535,8486,9242,5180,6998,6368,10529,7640,8366,4922,6470,5753,5627,5612,10190,5399,12416,9950,9212,9440,7859,9803,5117,6041,9596,9611,8210,6155,5066,10400,10085,6863,5687,7652,8639,12854,4790,9902,7922,10451,7760,8075,9641,10559,8702,6779,6848,7772,5570,7769,10124,4385,8021,13793,12788,7130,9029,7241,5261,8063,4742,4373,9758,7943,7124,10154,7796,5960,8393,6875,8426,10046,9614,7256,5840,9374,10103,6257,5708,7271,5513,9536,9245,6059,4868,5501,8228,7292,6332,8252,9332,6173,8423,4682,6803,6233,6836,8969,6446,4583,7049,7844,9134,4526,7934,13268,4658,9044,12485,4592,8810,12896,4751,6950,12077,6935,10418,10304,4634,6728,10406,6983,9566,6902,4352,7169,8870,4871,8468,7220,5147,4940,9401,6896,5837,5861,10337,6566,8066,10115,10472,4784,4547,5831,6437,11819,4757,7193,9371,5927,9038,9071,5744,6815,6323,8636,6860,10415,6227,8768,6341,6386,4379,8978,7931,11066,9485,6494,6440,9557,8348,6671,4598,11633,7982,9581,8033,6746,4433,13772,4631,5870,6596,6113,5867,5297,4454,9074,6674,8009,6185,6353,6758,5204,8585,9665,9098,7151,8615,6560,6026,5894,7898,6749,5741,9122,10298,4943,8054,7976,8957,9008,8414,9041,11087,9266,8693,5843,9887,6350,9350,9881,7718,4421,6668,4781,8411,12353,7211,12656,5018,5363,11498,7592,7214,9326,11072,7070,4436,13217,8987,9230,11030,11555,11765,5162,10151,10271,10967,12188,7790,4523,12968,11081,11306,9137,9863,13409,8291,5111,11096,13679,7808,13415,10349,12044,11882,7586,12833,13382,12158,10505,13469,9947,11933,10832,11636,12860,9344,9896,13334,9974,10880,12779,12338,10160,9986,13454,7610,10232,13088,11489,9182,9125,9638,11261,10541,10871,11762,11171,9023,4847,10106,11855,7880,11111,12212,9875,10373,10568,13208,13439,13796,9623,9524,7682,13181,13649,12785,13328,10445,10475,11609,7253,10538,8234,11924,9509,8441,4835,11441,12773,13103,6839,8051,9143,10331,11267,8684,9377,9518,8387,13418,12632,7832,9236,9899,11132,10940,9488,10241,4904,11696,12620,4382,5711,11432,6617,10094,5594,8951,6008,11393,8174,7025,9260,11702,7007,5060,12089,5087,12884,13406,12611,8222,9473,7964,12488,5702,11786,7886,11957,13547,10100,10316,8603,11465,5165,8834,11624,8078,11213,8816,12827,8132,5990,12179,4910,9668,10202,12068,8318,11606,8036,11906,5246,5120,11822,8480,12431,9293,11915,8045,8675,9095,8456,8927,7766,9275,8645,10052,9392,8855,9464,8300,5624,13199,5951,11366,7238,8600,4619,10091,12365,6452,11114,8459,12641,7721,10031,10511,9422,6428,7781,9593,12560,13025,7754,8180,11876,8384,4562,8579,13109,8666,12971,10565,13712,11576,13631,5807,7604,12845,4832,5561,8315,9776,4763,9575,8798,12356,10514,10478,11024,13193,4340,9677,11036,8519,12740,6035,12227,8183,13478,8558,4574,8069,12815,7952,6122,12755,13142,9032,6764,5276,5690,9224,8267,9002,6023,12776,8582,8330,10178,12149,10958,4916,13775,7676,10382,13475,12086,4652,10376,10079,8024,11450,12206,12047,8489,13718,5768,10058,12893,10523,11039,13724,8594,7892,9890,8114,8162,8093,8861,13040,10136,6755,12812,7688,8681,8396,12140,7694,7979,11654,11747,13220,8006,9257,9848,9989,12203,12626,10907,7613,13463,10553,11414,11141,8375,4898,11651,5504,11744,9080,9419,9425,11351,4970,8147,10301,9932,11870,11138,12038,12719,9506,13151,10001,9563,12536,11375,9167,7730,7757,12110,11279,9287,11852,8771,12890,8912,8906,9320,11297,11423,12923,12587,9722,13562,12908,7799,11564,8336,11189,5006,13004,12335,12020,10217,9116,7739,7901,13052,13589,9176,12983,9806,12407,11099,11342,11675,13667,7838,8903,8996,10493,11573,12767,6269,7961,12584,9812,7106,9785,11789,8741,5942,7841,10490,9500,9365,8327,9995,13613,12017,11909,5024,9086,8189,8963,13529,10262,9956,9695,8510,12260,5081,11336,9113,9338,12095,11165,13076,11552,10919,8696,5921,10004,13634,7673,11723,10109,11558,8924,8048,9767,5459,12224,13544,11216,9626,8954,10883,13259,12710,16436,15356,16841,17429,18995,18566,19160,19103,15902,17528,14288,16169,15023,11273,18848,12041,20006,15260,11243,13676,11207,12533,12686,14234,14183,18593,11690,8942,18446,12317,12932,17825,15389,12278,19349,15698,11426,11549,13523,12122,13013,11219,11387,11717,13505,10340,11627,13118,12098,12032,12857,12284,13457,7925,13010,12959,13280,13700,12866,11294,13508,11849,15068,14660,17066,14477,14405,15908,16241,16580,16199,14240,13481,16094,14864,14303,14237,18905,16514,4691,16022,12344,11831,15566,14417,20354,15113,16781,15890,14363,18182,18206,16883,11150,16151,16466,16964,19670,18269,19889,13496,11897,12236,12176,16142,19517,16832,16733,13520,13670,15323,19589,18575,4856,7628,12689,13490,14906,12608,8717,16079,16562,11807,10856,15122,14462,14324,10946,13709,12929,12167,11780,12692,13073,11669,8294,7862,12614,12599,11126,11966,9305,12446,9644,14297,14606,12887,16217,15821,14309,16025,12281,20876,15548,18059,13187,13355,14231,16739,16130,16607,16655,16697,14855,16718,19454,17801,16133,19082,16631,19223,15554,14825,14489,11000,14144,17006,14378,15683,15239,12116,17951,12566,18872,20390,16529,16127,15245,16049,14885,8399,17540,13493,14714,16298,10280,17675,14591,9878,12704,11312,18038,12182,14852,15275,14939,13106,15473,19715,15083,15686,12950,11828,15680,16811,16175,18392,15929,13241,11615,13751,12722,9515,8909,13616,9560,10055,13553,11567,8249,7709,13739,11861,13445,13664,9752,10970,16874,14141,16763,18158,18467,18284,16451,14162,15287,19298,20174,19205,15950,17054,15344,16064,14354,17852,11435,11951,18281,14543,14384,19211,15467,19961,19625,19508,20135,15395,16301,11684,10925,14969,7631,19433,15482,15638,15128,16157,11927,9461,17720,14810,11282,19004,13037,8729,10220,12470,14573,13685,14291,18161,13403,10985,13361,13748,11984,13178,12200,11930,11618,11447,11417,10439,10352,11327,13190,9794,12542,10838,12062,8186,13400,8117,11663,13778,11783,14621,16694,14942,13727,15962,15773,14519,16430,14579,17093,15998,15653,16706,13160,15584,11015,14951,17084,12083,15677,12065,20339,14483,17840,11993,15614,15206,20189,17915,14933,14798,16961,18554,19994,19151,19079,15509,11705,10931,15659,10952,14756,15497,16262,15779,18359,17657,19661,19007,11603,14975,14138,15014,16439,16508,19607,13070,18854,11420,16589,16358,11687,19259,19166,15431,15956,11975,18809,17432,19142,16040,14567,9221,11768,11678,12668,11942,11408,10937,4541,12143,12056,19226,11657,10226,10934,13766,12332,12194,10265,11006,13001,10841,13304,10223,12443,12002,15134,16766,12728,14687,17918,13169,15536,14525,18416,19409,12515,15329,16160,13811,14204,15983,14753,7339,18914,16937,13385,17489,16493,11396,12974,11477,12383,13064,13295,11063,20207,20249,12326,9431,16115,11105,8534,11777,8342,13319,12683,14357,13592,16283,15650,14474,12986,11774,18842,10013,19484,17000,11591,13031,15047,11711,12218,11534,12197,12506,10454,12569,11186,12782,11813,8654,13367,10913,13283,11177,14255,19418,16034,15311,17690,16469,16364,9077,15254,11258,16103,11228,18752,15257,15716,9701,15953,18782,15308,10898,16208,19472,19700,13448,14123,14468,20309,16688,20237,15551,17015,16970,19487,16322,12524,19925,18041,17516,16628,16499,16124,11666,12746,14669,11954,15116,16394,15641,10289,11837,11597,14972,14774,14273,19346,8867,13205,15881,16316,16700,11798,15575,13502,14300,15434,13532,11753,14927,10394,18755,12530,11504,12302,11948,13292,11291,12869,9656,12953,11078,12482,12248,11840,11804,12806,13706,11390,9773,11483,13256,13499,11600,12494,15194,15539,18629,19760,14153,16037,11339,16352,10862,12872,15671,18113,7883,19628,7877,11888,17618,19937,17585,8537,11462,17090,19334,12926,20261,17888,14432,15203,11834,18089,15164,12956,17678,16250,11621,13622,11507,12137,12476,13091,16073,16379,17048,12818,14189,18404,18323,12329,12839,11204,20132,14759,13802,19970,8138,13697,11699,11192,13247,12323,12596,8690,13049,14429,13394,12209,10526,10142,11759,8354,12749,11750,13526,11735,11399,14147,16793,9839,13373,14627,16487,19829,16805,14465,12734,16544,10901,11210,16376,15050,15707,14609,15089,16400,15878,16244,16229,14165,18488,12539,12572,19328,19799,18674,16280,13307,16193,17099,18086,16340,16520,16235,12917,18380,14390,10991,15752,14552,18884,22943,19085,18248,22676,19982,17534,20210,23444,15608,18131,19958,18080,20357,21500,21923,20162,19940,17435,11642,14873,20936,19118,16802,19331,15398,16070,16736,18851,16685,17636,21467,18035,17621,18185,21443,19736,19184,14336,16940,20282,23657,19820,19442,16226,20045,20399,15269,14516,14684,18203,18626,20150,21947,19985,16592,22118,19466,16412,20231,14678,20948,18371,16286,23375,19001,18902,18440,18551,18929,18866,17119,19664,19637,15557,18497,18407,17498,18194,19010,16571,14279,20054,15152,23711,14411,18227,14918,19286,15248,23453,18863,22832,17027,15494,20075,15095,14696,15830,15599,15620,16019,15980,19277,17912,15071,22226,18215,20039,18200,17702,18590,14747,20027,18767,19337,16619,18641,15200,19217,17879,21089,22775,16007,23135,19502,15986,18818,23207,19490,20945,19292,15371,15611,15296,22919,19610,16496,19964,19460,18104,20081,17606,17759,23309,15227,15704,16061,18419,19043,18704,16967,17057,14444,19238,17600,18500,23180,13610,22361,15506,16757,17450,19790,14168,15728,18422,19538,19190,14507,17009,14456,18347,14594,19088,14711,17921,22949,18623,16265,16667,19457,16274,23435,16409,21245,18962,20072,20366,22907,19049,14402,16583,18668,16259,15347,15905,17789,18026,15461,18710,23144,14351,18548,16091,20291,17627,14177,19421,20033,18239,23339,18053,19862,18311,14192,16865,16859,16649,19493,15440,21278,16910,23279,18482,16568,16172,18569,14339,15533,19856,18362,17843,18947,19976,16196,19193,22379,16943,20297,18560,20192,22820,23531,14882,15032,21542,19403,14705,18794,16709,14510,17507,15335,21668,18992,15182,17072,18233,19769,18272,23156,18074,14504,19025,17615,18299,18152,16163,15932,15140,16382,21314,16547,16565,19718,15857,17567,16745,16292,18275,14954,17108,19595,15656,16844,18458,17747,15965,21287,22280,18665,17750,17666,15401,14888,19721,20036,16202,16928,23393,19283,14603,19304,15926,15251,19406,22094,18353,17909,15020,14795,15662,16652,17465,16373,19793,14750,14585,16730,19931,14396,16421,17486,19898,19544,15005,21593,19694,19361,23591,17846,18065,20069,16289,16013,20849,19673,19055,15380,22490,16778,15617,16205,16214,19157,22229,16820,15485,19988,20015,18221,20066,17570,21248,18572,19112,15458,18098,19775,14981,18167,16748,19511,14156,14789,19478,14729,15110,15590,13271,17717,20324,17480,17903,19859,14960,18614,20396,16463,17924,23324,23312,19877,21752,23507,18287,16934,22556,18305,17735,15314,19145,15107,14735,18293,20954,19883,15170,21440,17927,18734,23075,18959,14267,22583,23678,14513,23036,16955,18602,18533,15866,20102,16889,13819,20336,21755,14342,20018,18857,16067,16187,15053,17549,19526,19847,15524,18653,21692,20312,16349,15452,14216,15404,15815,17882,17453,21269,19280,16346,23096,13085,19910,19415,16082,22958,19430,15692,14522,18587,15992,19367,18620,18122,19313,17588,19835,15977,18647,15602,15491,19529,18980,15233,23333,20315,23000,16727,16328,14435,14180,15629,15860,19139,16319,19388,21041,18470,20051,14690,18464,17723,22352,22946,23441,22388,22205,18890,20837,21056,22730,19751,23426,19841,15176,19955,18599,23603,15887,19880,21488,22796,22037,21260,22568,23519,18506,15893,21104,18695,20351,18512,22376,22097,20921,19370,19448,17810,15272,20798,22466,21059,16550,21809,21011,19652,23624,20861,22049,21293,23522,19496,22394,18698,23288,21167,20774,22550,21215,20720,19034,14150,18938,22577,21038,20063,21356,16055,14570,16457,21830,22412,21206,21170,21761,23465,23513,18791,22769,21629,15851,21680,16043,22976,20177,20096,22898,19724,19364,23669,20969,18296,20885,20024,18197,21977,22322,21329,21455,23627,23165,14270,18479,21029,14282,23693,21188,20807,18806,19550,22055,19811,16826,18911,21824,14726,19379,22241,17768,19391,19727,23714,16523,17462,22019,23372,23069,19874,18437,17984,20846,17993,22211,19214,22409,18149,21476,21332,15080,21929,23051,14321,20213,22160,23054,15842,23348,23057,22592,22646,21548,17873,20810,17477,22685,21359,21644,20198,22331,20393,23306,23564,19772,21395,16622,23291,23651,23045,18449,20375,14651,17858,23528,22607,18881,15155,18689,23681,19598,20387,23459,20105,21101,18095,21302,18680,14921,17492,20276,19706,21860,17765,22862,16676,22493,20789,14849,18509,19358,22514,18365,17708,20978,19229,18644,21437,22526,21533,18596,19616,22277,16391,21554,21962,18137,23126,22682,19577,23447,21380,18023,17501,19325,21974,21335,17459,14315,21113,17612,19808,21422,17519,19301,23237,17438,21872,21479,17828,23432,14978,18383,22952,21965,18971,14219,22385,21146,21656,22172,22262,20738,16511,20768,22253,17753,22121,20405,23225,17699,20801,19919,20279,22481,19382,22316,19505,21266,20999,20057,19631,21425,21794,18356,22700,22922,14369,22079,21005,19904,19121,22370,18956,19928,20804,17780,20093,22586,21902,19244,22709,20369,19871,22484,20186,19514,20381,17582,20900,20228,20327,22139,17003,19580,21728,23336,14648,22157,23231,23690,17447,22805,22307,19688,21983,23270,17834,23402,21827,21227,21671,23162,21149,18350,18332,20909,23204,15593,19574,21848,22292,17555,15353,22445,22670,19181,18749,20159,18917,21551,19352,21053,18761,21878,19016,22115,22286,17444,20000,16361,22127,17510,20864,23189,16484,22487,17897,18776,21281,18539,23396,22328,22619,19028,22265,21575,17537,14252,23318,19037,22811,14375,15149,20153,23039,19667,19154,20855,17957,15137,22271,18302,18047,17639,19604,23654,16505,14312,17981,22652,21566,22013,23462,19562,22637,19523,20419,17939,21833,17591,23516,15776,23024,22961,21887,21677,17609,21461,19022,22724,16004,23594,22460,20906,20888,17552,21722,21065,18944,23642,21134,21896,18020,14555,20306,18527,23705,17714,16817,21587,19853,19253,22208,21191,23147,21689,23606,22826,20933,20963,20750,22802,22901,20783,22301,22478,22028,21602,14876,22058,22655,22472,17990,22283,22691,20729,22733,23345,21122,21173,23342,21431,21218,21515,22517,23696,15944,23219,21035,19355,23216,23234,22106,21875,23084,18044,21893,23117,19256,20972,23003,21626,21839,21446,22214,22604,23666,23171,19973,21251,23114,21773,21209,23552,21683,20762,18779,22580,22256,23063,22931,23543,22883,22718,22124,23360,22835,18797,22544,23201,21023,23381,21914,20753,22247,21785,22052,22289,23573,21944,23423,21989,22421,21155,21449,20117,19952,21917,22238,22712,21452,20927,22895,20828,19676,23582,22043,22913,21164,21242,18413,22166,22142,23111,18701,22859,21503,21341,22304,22814,21563,23468,23327,23420,22715,19622,23687,18845,22793,22457,22892,21992,22979,17669,21572,23261,23300,21107,20942,18719,23585,23558,22844,22184,22250,22070,21263,23351,21911,23429,21647,22850,22763,19445,21050,23702,22442,19979,22064,20912,22601,22928,21236,21788,22838,20966,21659,21836,21998,23168,21557,21707,22562,21578,23480,15560,23588,20852,22082,23450,21536,21812,22511,22193,20996,22877,21623,22391,19784,21074,23615,20840,22667,18608,19202,22703,22448,22640,20819,23027,22736,21092,22829,23576,21062,23501,22751,20795,21080,19649,23210,22151,23243,4925,7967,6878,4511,5321,6335,6701,5150,5456,7247,6305,5051,6092,4406,6722,5648,4967,9017,6395,5678,7133,9239,4727,7307,6464,4604,10205,6491,9926,5954,8786,5213,5168,4901,6656,10199,6974,6344,5516,7139,4649,6263,4817,4586,6404,6818,7016,5072,7295,6272,5735,9248,5093,5498,6794,5564,5255,4949,6425,4640,4889,5729,6410,6053,8720,9527,4718,6932,6686,4907,5636,7826,8831,6710,6740,6296,6149,6011,5252,5798,5909,9845,6677,6158,10412,5108,5402,4532,6029,9068,4394,5114,5420,5543,4919,6626,6251,6002,5606,6485,6275,6518,9584,7706,4865,9542,9188,6443,6965,4442,4775,10496,5009,6020,5615,9770,6107,9101,7751,8900,6488,5315,6089,6236,7058,4514,4748,8057,5663,8918,7031,6188,5555,5348,5105,5603,6131,4349,6914,6773,5465,4958,4796,8915,8606,5390,5042,6908,8126,9605,11810,5171,9842,8306,8321,6215,5243,6137,6788,5015,7223,5537,12071,6371,7265,6032,7028,6776,5021,5000,5528,6242,9869,8450,4760,9632,5039,8123,9155,7148,6125,5849,7250,6212,5462,6218,5351,5993,7664,6737,5654,4556,5834,5591,7175,7595,10520,6134,7847,7076,4616,8141,4418,4946,4877,4607,9761,8750,6116,5306,5450,10517,8774,10457,5033,7205,5549,4481,5756,4412,5825,5771,4973,6857,6455,5651,7178,5972,4370,10238,9980,6653,5471,7190,6578,5417,4706,4814,4622,6284,6557,7160,5945,4853,6992,4700,7034,9917,4427,6044,5633,5327,5279,7280,4964,5303,5666,4424,10487,6383,6461,4670,4895,5396,8573,4376,4712,5222,5723,5429,7208,5219,6179,6725,5567,5696,9941,6881,7166,5030,8981,8708,7097,7226,8240,6524,7055,6167,6713,5885,6017,9938,6695,9635,6827,5765,9047,9704,4661,5495,8825,5129,9860,5177,13067,10325,6962,7304,10433,7817,13517,6095,8753,9383,6101,4451,5780,6164,7283,5159,6431,10247,5684,5474,10334,4664,5525,5090,9353,7910,6989,6299,6482,11546,5435,8975,10355,8408,5234,8144,8876,9434,8279,6842,8282,9674,5675,6110,7697,8894,10346,7853,13442,10574,5816,9398,10421,5873,7703,10157,4475,9149,10379,6509,6224,6752,6968,10427,6497,6182,7913,8972,4991,5411,5288,7001,8165,8783,7622,5384,10385,12134,4811,5423,10544,6791,9056,12464,9647,5699,9482,9329,5717,13058,7040,5639,5486,4448,6959,8204,5738,5588,8723,6614,9209,5903,5045,6479,7874,8828,11168,9827,4703,7724,8555,4793,4862,7988,11714,7643,8444,6356,4730,6419,7973,5126,5858,8633,9302,9800,9662,4388,9314,5339,8381,5642,6401,9335,5492,11492,8795,5939,9530,10388,6278,9545,10409,9197,6458,12665,4655,4610,8219,8153,9815,6731,9476,4490,4850,10034,4403,10835,6050,5432,6830,7802,4364,9215,5375,4883,8609,10037,8483,4559,6716,10508,5522,10277,6602,7115,5804,6623,9308,8612,6176,9959,6917,8657,8345,9395,6887,11513,8492,7712,12239,9497,12419,6074,7616,10172,9797,9728,12902,9572,9458,6893,6065,6593,6047,5750,10274,7022,9755,12233,6665,8000,12836,9413,6317,8213,11405,12461,4643,9692,9914,6293,8417,12548,4799,4676,6980,10460,5207,9503,12113,9437,8789,6170,7334,7277,5573,4493,9254,4505,13229,5957,13352,6599,6572,6407,11453,9443,11471,5984,6062,9977,12881,5216,13172,13235,6530,7727,9446,8735,9683,5669,4709,6605,4733,6575,7775,4529,5801,6884,4565,4820,9059,8939,6899,9908,5918,5828,6500,9323,9104,9347,4520,5198,5468,8879,6365,8591,11912,7850,5333,7157,9821,8846,5426,8273,10283,7745,6290,5291,9653,4937,10184,7052,6260,5372,4952,7196,10016,12293,9311,9737,6632,10286,9479,8495,8567,11579,5366,6083,6191,13703,8288,12389,9905,11645,13079,4667,10193,5948,6377,10025,5987,6077,8528,8015,11756,6923,4343,5582,8546,9272,11792,8990,12266,10550,7916,6953,11969,6203,7103,9218,10466,6905,8687,10403,5393,9716,10367,9200,6971,8561,7871,11531,5387,13736,10430,5330,6038,7733,8642,8060,6302,9749,5630,11378,10097,12428,8513,13370,6326,9884,6239,12410,6761,7649,6329,8225,5864,13253,5258,9965,9089,8030,11438,8297,5102,6245,7994,5732,10391,6947,8930,7868,4997,10364,5510,6620,6467,9470,7061,9191,4886,9893,8549,4466,7202,5096,13646,9380,5963,6071,8099,5915,10112,8042,4601,4439,9083,12623,12173,9119,11240,9659,5048,13460,12851,10166,8627,11402,12347,7655,10874,11324,4772,11018,8177,11198,10424,6143,8246,9923,7811,11195,9407,11846,12995,5270,12104,13790,8885,13487,11360,8999,13559,9278,11729,13082,11864,12341,5777,5693,8276,12944,12527,7736,13214,13196,10043,11231,6320,13691,9929,13601,5999,12698,5546,4679,11444,10022,12401,8360,8156,5069,12440,9356,13007,9404,6554,7823,13175,13808,8960,9194,8672,12170,9857,11648,9935,11318,8258,12026,10088,11936,7274,7679,7667,13391,6515,6689,9698,12035,12905,8216,8159,5879,13742,11738,13322,9014,13412,12074,5975,8351,11585,9551,8171,11381,9608,9689,12473,12671,5900,9650,9743,6581,12263,5264,7907,12359,8339,8759,10370,9944,12554,8027,13805,7634,10127,6683,10139,13226,10910,9992,9818,13388,12152,12242,10196,4580,13100,11252,4358,8516,6194,12575,10892,8756,8705,13043,4397,11288,10877,13787,9110,9269,13673,10130,12425,10145,12824,9341,7589,10928,11570,11987,9740,12737,12392,9788,11069,8858,4478,10235,13298,10397,8390,7583,9410,9491,13607,6824,13127,12791,8474,5156,10181,9824,13577,11162,9005,11708,9290,9062,11999,8168,9599,7904,7637,11180,7229,7793,12101,13223,9833,8570,8498,12437,8873,9710,10943,10994,8453,11456,12770,11885,7991,11486,8357,12965,12662,11960,11519,12758,11480,11900,9092,8984,6851,11369,4595,5210,5480,7658,12752,6785,9053,5360,8864,9533,11903,5540,9359,5489,10073,12947,12563,7856,10481,10502,9173,12128,10436,11300,10307,11093,13757,13184,13655,11075,13316,12275,12467,8084,11588,11945,11021,10895,12830,13148,13262,12797,5438,13136,13571,12557,12497,13781,9746,11891,8447,13346,11630,12308,9671,11222,8243,13721,8849,12650,8897,9872,9107,11771,4346,5225,7619,13016,8552,9731,11981,7787,9281,10259,11276,8198,9791,13364,8462,10988,12014,11009,12800,8402,8651,12269,7946,4577,6551,8090,12701,9554,11867,8663,7691,10019,9128,12863,9263,13238,10547,8003,7670,8714,9152,8237,12314,12023,6146,5882,10997,9011,10859,12731,8285,9185,12305,8837,10322,12821,11330,9539,12644,12155,11939,11963,4568,7199,12413,12545,6995,10532,8096,10250,8195,9416,5378,9317,8780,9131,8102,13688,8135,7889,7259,10070,10964,8993,8018,10211,13514,9971,4550,8333,7601,8726,13121,8087,10361,13814,9719,7895,13652,12809,10208,13484,10082,11858,10121,11612,8564,9734,12989,13379,13466,12629,7763,12635,13682,10484,12422,11084,7940,6650,13760,9026,8072,12581,8108,13250,13124,8804,5153,9362,8039,10067,12695,4628,8588,13211,9512,8840,8309,11474,11543,13625,11411,12590,11561,6956,8618,9140,10916,12509,11660,13730,12848,8111,12191,8420,12350,11801,7814,11264,8264,11720,8438,12659,13427,12764,18260,15041,11045,12011,15185,11246,17111,14894,18263,10976,15917,14387,15770,16517,15488,13019,10028,16724,15197,13424,11156,7985,14675,14624,18764,14786,12707,9782,8378,12977,11372,12875,13397,13565,11516,11048,12245,8624,11237,12512,8081,11429,13046,12449,8777,13289,23276,12251,19235,15923,20300,15092,19865,16991,16751,15008,14501,14633,15665,14744,15077,15989,14822,17525,17798,15278,20294,18338,15125,14420,18290,9617,17732,14984,15632,15500,15188,15158,15545,17624,14186,11522,15209,15470,13277,18170,18545,10847,11249,12107,13094,16148,15263,13325,16769,11741,11102,11225,12938,15413,14126,13022,13598,19271,18146,15038,10829,11582,12911,12980,7805,12161,14615,8312,7970,13574,12296,10961,11537,11525,9035,13232,11117,12503,12743,11825,13340,8648,14996,10973,12230,11354,17972,14657,15386,15854,15305,16337,16877,11027,15572,15146,14222,19967,16892,15383,14909,14732,16052,15062,15365,17978,12362,15056,15230,12320,16310,16997,18395,15284,18266,17531,18740,16862,16139,15896,14561,14663,18317,14771,17684,15167,13637,11051,14801,13580,11135,14777,16355,13130,12674,16181,13055,14699,16808,12434,13421,15869,12398,16721,10556,16556,13643,15512,10982,12941,16490,13541,19046,15725,11333,12404,12647,12578,12842,13097,12803,16532,15098,10214,18632,14666,14423,14132,16526,13538,17966,14642,18092,12377,15368,13331,17081,15581,16166,14576,17024,14360,19373,16637,15809,15011,18824,15596,15749,16448,14537,17036,15026,14345,16838,13799,16853,19376,14540,15782,16085,16931,11144,14249,15002,16118,13358,16988,19076,22679,12146,14831,15428,11159,14843,16424,18977,18785,16856,16835,15446,14840,15242,17495,16307,13028,14285,12998,8261,14453,14306,11183,14816,18530,16574,15899,19802,18032,15800,15392,16295,16691,16415,11972,13451,13115,14381,12878,11639,11495,11129,8576,9179,7742,8744,7013,12374,11042,11384,15884,12371,15101,15518,15872,15788,16880,16502,15086,17687,11918,17042,18584,15119,12131,22298,15215,16385,18101,13430,11345,15914,15974,15563,12125,17942,9779,15104,10469,12050,11894,12521,12290,16325,15758,12914,15455,13604,13145,13166,7748,13583,13157,9494,11270,16787,11540,15833,13154,11873,8711,13112,11726,13733,13310,11174,11060,14645,15131,20060,17576,16223,13163,15044,15515,16799,16136,14258,15755,16190,15794,10820,12602,14879,11054,15818,16952,15806,12299,16271,19571,20165,16634,12272,16433,16772,14225,14495,16145,8192,12935,15605,18758,16985,19817,16154,15836,12458,11996,15689,15935,13586,14813,12092,16871,15422,18374,16610,15350,14762,12164,14924,16850,15179,21413,16916,17102,13595,14702,17051,20378,14534,14765,16577,12452,15803,19439,14264,14393,17900,13535,13139,15911,16178,11090,4544,18191,13313,10955,16331,15437,16403,20330,14738,19559,14861,14681,18503,16646,9602,19307,19451,11315,11147,11012,10844,8405,12713,9713,12380,10064,10826,7949,8792,7625,13337,13472,19703,12119,11234,13640,13763,12254,16775,14582,16088,14471,17021,14330,16001,11693,16109,11921,11528,15959,14807,16907,20003,15338,12455,16784,16760,15374,11732,16481,15791,14930,12617,15476,14867,16388,14318,18923,14228,17030,15968,16742,16796,14639,14276,15674,12287,16472,12080,11348,14987,14819,14768,8813,15578,14588,4754,13556,15875,13244,11255,12677,13301,7937,12551,10922,13133,17018,11321,11303,5531,13265,12386,13061,13628,10889,11153,13658,12215,10979,13433,11057,7661,12053,14720,16982,14741,15143,12008,13376,17012,20318,13784,15701,14948,15947,15635,17762,14708,15764,16268,19850,16076,9707,12593,19094,14207,20180,16919,16712,16922,12638,19763,14846,8231,18455,10579,18155,10904,14870,13661,16613,16106,16958,16703,15236,14195,10823,16454,15530,11033,12311,10853,20246,19823,8936,8933,11123,14672,15995,19709,12725,16640,16682,14903,15317,20372,14549,14612,15644,16343,14120,14372,13550,18743,13274,10868,17522,14213,11285,13715,13745,11108,11459,11978,12992,11468,9725,12368,12605,11990,13511,12059,13202,13754,7181,11357,12716,11672,11681,7820,13349,11843,14693,11003,14936,14999,18173,11816,17819,15695,19397,15737,12962,17063,19058,16925,14198,12491,16670,19886,18398,19643,14597,12920,12395,12005,12221,20342,12029,15425,21194,16211,17672,16478,22643,16367,18728,18188,15074,18431,15212,16334,17906,15326,20168,20939,21980,18005,18056,19262,16031,18950,14441,16100,18830,18083,20012,17729,19766,20270,14723,15320,17543,16814,14897,15848,16886,20123,14900,20786,14834,20822,14558,18107,15845,22628,15812,14498,15449,23492,14159,15221,19739,16010,22535,18077,19814,21851,20084,20126,17891,18401,14618,18218,19424,19949,16277,19832,17693,21938,16847,14480,19274,14261,17039,17711,20099,15266,18683,16901,17837,17705,18686,16538,15293,15719,17654,15443,16220,19778,16616,19427,16658,14531,17426,18518,14246,18941,15377,22181,19232,18254,19208,22622,14891,17060,14717,16976,16232,15797,18461,19748,15419,15302,20048,16868,18713,15017,20009,17831,15710,20240,16427,18386,22169,20141,19463,14963,15863,14210,16304,19268,15407,17744,17105,22559,21941,14912,15734,21506,16397,19040,15191,19583,18326,20021,14447,18257,21026,17681,15785,20243,18839,20252,16679,18638,19991,18920,18662,15521,17876,22403,19136,19019,20411,18230,15527,18536,14459,14414,15746,20144,15743,19247,22871,21776,15299,16460,23504,20984,20120,19400,14792,20156,16541,19754,14426,17645,19541,15767,23138,20087,18860,19826,20288,15938,17807,19250,18773,17786,19838,18002,15542,18029,14546,16604,15464,21695,23249,18617,22694,18068,18278,17726,17597,18143,18428,16016,18605,20843,15224,14294,15341,14333,15410,14837,23015,19220,15059,15920,16754,14957,14993,16973,15503,17738,15827,19946,18707,16946,16553,14945,18671,17114,16664,15647,15362,20030,22223,18119,17864,18062,16715,15623,20273,14450,18473,19481,17795,14636,19730,16949,18491,17474,17033,19148,19394,16184,19070,15035,16829,20111,19436,15218,18116,19907,17696,22598,14630,15569,18770,21386,16625,17069,15281,20090,16475,23663,22757,16256,19175,18821,19385,22010,17423,15416,18140,17987,19568,18731,19697,20222,16112,19052,12680,16418,16895,18011,23438,20348,19073,21782,22046,23273,10865,23192,18635,23033,21458,18953,18746,23636,18443,16823,21818,14783,22130,15173,23060,22955,19133,14828,22571,17096,20384,18344,14366,14399,17804,18827,16598,19601,16253,17504,14327,21047,17087,23072,17075,14129,23555,17630,18542,15668,19640,16661,14600,20285,20345,16238,15824,15065,21935,16097,19178,22874,18926,15161,16121,20333,19913,18563,15587,16601,15713,20216,16442,20204,18869,14492,17894,14780,22163,21920,14171,16445,18245,15722,15626,14915,16979,18815,14528,21596,18650,19916,19172,20258,18242,14990,15290,21518,15941,16994,19196,22982,18524,16586,14348,18716,19499,16904,20108,20726,16046,14804,14201,23471,17546,15332,18236,20255,15359,16559,21674,17078,20171,14438,19319,19169,19658,18434,19805,14174,17663,15839,16643,21095,17564,17561,15971,18893,19340,16535,20225,21584,19547,14135,16595,18251,21701,20183,19289,19796,19241,22463,17861,22133,20408,23321,23675,22397,23414,22187,23222,17648,19679,21044,21071,20831,19310,17885,23129,21119,20219,18887,17441,23477,22523,19934,18986,19619,23546,23258,19031,21152,22268,18875,21296,23150,17468,19634,18803,14243,23540,17420,14564,18485,20723,21764,16898,23600,21590,19553,19613,23474,22451,23141,17774,23363,21347,17633,19520,21494,21710,21143,18164,20756,18368,18134,18308,18896,17741,19895,22355,19943,23612,22910,20993,22031,23213,17822,22538,18908,14486,23240,18017,19733,21884,20402,21968,17483,21125,22337,22295,20915,17045,22889,22727,23648,19199,20138,19067,17954,18989,17579,17933,18128,19586,18521,20870,17573,17792,18659,21512,22574,23006,19892,19757,18050,22178,19685,17996,21746,20732,20741,22766,17513,17651,21032,22673,22367,19412,21404,21845,17816,22997,20975,23534,20957,22868,21686,22373,21713,15479,21527,21698,14858,17936,21950,17813,22436,23246,18389,21308,22007,20201,23417,20234,17642,21368,19124,18179,19097,23357,17771,15740,20114,22085,19646,22745,20882,21509,22649,21959,18209,21233,20816,22025,18452,22916,19013,22325,23567,21338,22625,21140,20918,17558,21791,23066,21326,22112,22817,19556,16406,18476,20321,21371,20951,20834,19655,21524,18812,22145,20129,22529,20903,22433,22274,20981,21110,22799,15761,22742,19265,20195,23186,23621,21767,19115,21407,19742,18878,23198,23633,23408,16370,19163,18176,17756,20264,18965,23630,18110,22313,16313,23018,18722,23303,21014,22847,20744,18410,21230,19868,20078,18677,19109,15029,18899,20873,22175,16790,21203,22232,22427,19691,22994,19322,18557,23285,21635,23297,16247,22886,19106,17930,23159,21599,23390,17660,17870,18014,22904,18692,20987,20747,18329,22616,17960,21086,20765,23369,18515,23384,19922,23510,22091,22001,23387,17594,23009,21932,18833,19127,23183,19343,21362,18974,19787,23699,21704,21641,21665,23021,21560,23108,21482,16913,23048,22136,20960,18071,23099,22565,21863,21716,19316,19295,18494,22595,17969,19061,22721,18425,20771,23282,23597,21758,16058,22016,19592,16028,18224,22499,21908,18314,18968,18578,20825,20147,23030,21185,18341,21008,22202,19475,22664,19745,20858,18125,21491,21464,23090,19997,22103,18800,23294,22319,21020,17849,22358,22310,17945,22430,22190,21995,23378,18983,18788,21800,18320,22508,18725,20042,18935,19712,21797,22196,21731,21986,17855,19532,19682,14654,17867,19565,23195,19091,19844,20303,21881,19064,23537,21374,23525,21956,19130,21821,17456,21197,14408,21650,22988,17783,20867,22454,20780,22343,21530,18656,18581,14966,19901,21221,20360,17603,19187,17999,23093,21632,22541,23177,22199,23102,18836,21521,23012,18008,22154,21290,21470,21131,22634,23405,21743,21662,22067,16673,22940,21137,20267,22853,22475,21128,21638,21740,22925,22631,22937,22349,21392,23120,21116,21077,22934,23561,21770,20735,21200,21350,22661,22217,17777,21317,22220,23105,21257,23495,23264,23255,21161,23486,21272,20363,21806,23684,22505,21284,22004,22061,23411,20990,19781,22424,22991,21083,22346,22781,20777,21734,20879,20894,17471,22778,21419,23267,22148,20891,17963,21158,23570,21365,23174,22496,22073,23456,22520,21098,22364,23708,21398,22973,22334,21926,22658,21545,22076,22970,23672,22688,21434,21212,20759,21311,23609,21068,23399,21377,21749,21389,21719,23042,19535,21854,20897,21605,21971,23579,18932,20792,18212,22967,22553,21383,21305,21737,18335,23330,22406,23087,17948,21869,22610,21539,23078,21401,23498,22865,23123,22382,23081,22340,22100,21299,21323,21815,21353,21614,17975,18998,22109,19469,23354,23660,22532,23639,21344,21002,20924,22259,23153,21569,22748,22787,23366,21803,21905,23315,21611,22418,23549,22760,22808,22790,23483,21275,22088,22856,18611,21899,21410,22022,22754,21620,21473,21182,22040,23132,21497,22880,21779,22706,22439,21017,22784,21617,21842,15731,23618,20414,22697,21725,21416,21608,21176,23489,21953,21428,23228,22823,20813,22034,21866,21224,21254,22772,21320,22502,22400,22469,23645,22415,21857,21890,22739,18737,21179,22985,22589,22244,23252,22964,21485,18377,21581,21653,20930,22235,22841,22613,19100,22547,21239


#=========================================================================================
# CmuMD
#=========================================================================================

# Calculate the density of water, potassium and chloride in the control region (CR):

# All distances are fractional in z
# FIXED: Position of the interface
# NSV: Number of atoms in the molecule
# DCR: Distance from the interface to the innermost edge of the CR
# CRSIZE: Size of the CR such that the edge of the reservoir is DCR+CRSIZE
# WF: Width of the region where the Fermi function (definining CmuMD forces) is applied
        
n_potassium: CMUMD GROUP=potassium FIXED=0.25 NSV=1 DCR=0.15 CRSIZE=0.1 WF=0.001 ASYMM=1
n_chloride: CMUMD GROUP=chloride FIXED=0.25 NSV=1 DCR=0.15 CRSIZE=0.1 WF=0.001 ASYMM=1
n_water: CMUMD GROUP=water FIXED=0.25 NSV=1 DCR=0.15 CRSIZE=0.1 WF=0.001 ASYMM=1

# Apply CmuMD forces to maintain target ion densities AT X atoms/nm3
# KAPPA: force constant
        
res_potassium: RESTRAINT ARG=n_potassium AT=3.4 KAPPA=10000.0
res_chloride: RESTRAINT ARG=n_chloride AT=3.4 KAPPA=10000.0

# Print to file
# Print densities and total bias potential every N steps

PRINT ARG=n_potassium,n_chloride,n_water,res_potassium.bias,res_chloride.bias STRIDE=10000 FILE=CuMD.log

# Clear the buffers every N steps

FLUSH STRIDE=10000
        
